pinch_calibration_max: [130.52093242840564, 169.61785993750047, 187.73715916408287]
pinch_calibration_min: [34.26441784828392, 22.205791748354123, 27.584577082358244]
