pinch_calibration_max: [96.31073326359596, 144.86386730703495, 164.93113463169254]
pinch_calibration_min: [20.788318687541462, 17.02514747467822, 26.64520978984934]
